1	7
1	13
1	25
1	55
1	60
1	146
1	326
1	351
1	362
1	382
1	459
1	465
1	501
1	528
1	605
1	672
1	752
1	819
1	896
1	900
1	1290
1	1925
1	2049
1	2119
1	2293
1	2481
1	4339
1	4342
1	4924
1	5289
1	6323
1	6535
1	6675
1	7705
1	10376
1	10420
1	10422
1	11344
1	11477
1	14562
1	15045
1	15123
1	15170
2	13
2	117
2	146
2	413
2	438
2	488
2	742
2	1224
2	1843
2	1944
2	2057
2	2381
2	2732
2	5045
2	9621
2	10382
2	10654
2	14371
3	380
3	2724
3	3196
3	3242
3	7444
3	13668
5	125
5	747
5	752
5	1646
5	2724
5	4294
5	4946
5	4953
6	351
6	528
6	587
6	638
6	662
6	675
6	1149
6	1218
6	1277
6	1974
6	2393
6	2538
6	3008
6	3013
6	4446
6	5032
6	6323
6	6800
6	6988
6	7052
6	8891
6	8982
6	13128
6	15248
7	415
7	747
7	1222
7	1260
7	1608
7	2983
7	5614
7	8994
7	9479
7	9679
7	11630
8	1224
8	9074
9	1277
9	7891
10	74
10	110
10	125
10	161
10	459
10	485
10	634
10	651
10	657
10	977
10	1023
10	1515
10	1783
10	2577
10	5843
10	6800
10	9015
10	9816
10	15227
11	587
11	651
11	689
11	779
11	780
11	892
11	901
11	6401
11	7179
11	8453
11	8476
11	10494
12	42
12	62
12	944
12	1452
13	7751
14	102
14	499
14	689
14	779
14	1188
14	1482
14	2462
14	2955
14	5534
14	8453
14	10422
14	15230
15	136
15	4617
16	77
16	214
16	251
16	258
16	310
16	351
16	353
16	521
16	587
16	595
16	638
16	644
16	711
16	1061
16	1504
16	4446
16	4481
16	5055
16	6324
16	6594
16	6800
16	8418
16	8889
16	15230
17	292
17	369
17	587
17	605
17	643
17	1061
17	1222
17	1224
17	1320
17	2158
17	2260
17	2364
17	5145
17	5301
17	5617
17	6679
17	7669
17	9926
17	13407
18	93
18	312
18	449
18	629
18	2241
18	2955
18	10422
19	55
19	364
19	1427
19	14382
20	2067
20	2261
20	2938
21	34
21	53
21	214
21	582
21	678
21	2731
21	2733
21	5055
21	9610
21	10746
22	54
23	2261
23	6324
24	386
24	582
24	1277
24	1582
24	3024
24	4731
24	5556
24	5565
24	7809
24	11448
25	93
25	219
25	418
25	506
25	587
25	610
25	625
25	1153
25	1159
25	1422
25	2538
25	4491
25	4731
25	5021
25	6635
25	6669
25	8583
25	11448
26	93
26	1320
26	4401
26	5614
26	9002
26	9298
26	9408
28	387
28	730
28	1061
28	4818
28	6709
28	11619
29	24
29	64
29	352
29	366
29	553
29	669
29	1085
29	1149
29	1382
29	1616
29	1925
29	2082
29	2538
29	2597
29	2614
29	4446
29	4740
29	4746
29	4856
29	6111
29	7392
29	8367
29	11477
29	12107
29	12794
31	473
31	587
31	910
31	1925
31	2261
31	2955
31	5035
31	9762
31	10304
32	13
32	24
32	161
32	235
32	296
32	351
32	366
32	379
32	386
32	397
32	419
32	459
32	473
32	502
32	582
32	605
32	610
32	611
32	615
32	635
32	727
32	747
32	750
32	754
32	838
32	1089
32	1106
32	1184
32	1218
32	1304
32	2403
32	2581
32	2671
32	2953
32	4080
32	5035
32	5505
32	5704
32	5742
32	5757
32	6324
32	6521
32	6800
32	6897
32	7420
32	8096
32	8343
32	9142
32	9847
32	13419
32	15912
34	117
34	369
34	459
34	915
34	1809
34	1876
34	2647
34	2955
34	3470
34	5919
34	6515
34	6899
34	7158
34	7179
34	9327
34	9419
35	353
35	2158
35	11037
35	11468
35	14510
35	16073
36	172
36	213
36	473
36	633
36	762
36	1023
36	1061
36	1277
36	1647
36	1911
36	2467
36	2473
36	2481
36	2596
36	2600
36	4112
36	4114
36	4125
36	4507
36	5055
36	7804
36	8142
36	10173
36	14511
36	14562
38	8481
39	415
39	605
39	651
39	730
39	892
39	910
39	1222
39	1224
39	1253
39	1450
39	1680
39	4666
39	5264
39	7669
39	10764
39	14035
40	387
40	2745
40	4560
41	1320
41	1472
41	4666
41	5151
41	5614
41	9002
41	9298
42	1765
42	6594
43	93
43	143
43	5711
44	655
44	686
44	2136
44	5035
44	7407
45	374
45	587
45	1218
45	1925
45	2578
45	5021
45	15943
46	587
46	1646
47	2
47	53
47	54
47	66
47	67
47	351
47	387
47	397
47	419
47	473
47	521
47	566
47	582
47	611
47	651
47	694
47	699
47	738
47	742
47	754
47	885
47	1023
47	1065
47	1218
47	1845
47	1915
47	2304
47	2341
47	2465
47	2481
47	2652
47	4081
47	4206
47	4534
47	5032
47	5035
47	5040
47	5195
47	5241
47	5998
47	6323
47	6502
47	6533
47	6709
47	6800
47	7071
47	7335
47	8105
47	8406
47	8917
47	9182
47	10408
47	10420
47	10725
47	10842
47	10906
47	11711
47	11843
47	11932
47	12459
47	13520
47	15053
48	362
48	870
48	887
48	900
48	2953
48	3862
48	16148
49	375
49	1654
49	2955
50	7
50	53
50	104
50	351
50	365
50	501
50	502
50	510
50	541
50	583
50	608
50	630
50	727
50	975
50	1218
50	1535
50	1920
50	1925
50	2187
50	2389
50	2557
50	2603
50	2955
50	2960
50	3868
50	4690
50	5021
50	5035
50	5054
50	5175
50	6323
50	6594
50	6800
50	10640
50	10695
50	12820
50	15840
52	61
52	244
52	1675
52	1925
52	5035
52	5040
52	5670
53	367
53	6709
54	429
55	10738
57	369
57	473
57	1472
58	354
58	498
58	1729
58	6717
58	10898
62	152
62	195
62	328
62	586
62	651
62	910
62	3071
62	3245
62	3475
62	5934
62	9762
62	10176
62	10304
65	195
65	1277
65	1693
65	12428
66	13160
67	6708
69	692
69	1220
69	4266
70	62
70	119
70	161
70	312
70	449
70	644
70	980
70	1024
70	1325
70	1706
70	1917
70	2076
70	2241
70	2955
70	4385
70	4604
70	5035
70	5202
70	5236
70	8671
70	8684
70	11412
70	11798
70	12201
70	12352
70	12489
70	15870
71	93
72	528
72	1141
72	1159
72	4464
72	6542
72	8914
72	8941
74	892
75	12428
76	93
76	261
76	8886
78	93
78	762
78	1470
79	93
80	353
80	413
80	906
80	1152
80	2067
80	2076
80	9148
80	10401
80	10905
80	11409
80	12515
81	2955
81	3008
81	6889
81	14042
82	1136
82	5273
82	6341
82	8812
82	14510
85	730
85	1610
85	5510
85	7050
86	1578
86	2406
88	55
88	4716
89	59
89	1273
92	1277
92	3828
93	3772
94	2399
94	2614
95	74
95	2611
95	2731
95	5055
95	6323
95	10725
95	11403
96	1135
97	69
97	263
97	351
97	1065
97	1140
97	1149
97	1176
97	1937
97	4692
97	5809
97	6800
97	7071
97	8935
97	10390
97	10859
97	11061
97	11505
97	11780
98	765
98	3007
98	5264
100	689
100	2955
101	21
101	23
101	396
101	420
101	651
101	1440
101	2744
101	2751
101	3007
101	4446
101	4464
101	5834
101	6542
101	6897
101	7836
101	9148
101	10559
101	15056
101	15167
104	196
104	272
104	651
104	674
104	793
104	2731
104	4861
104	5211
104	6324
104	6544
104	9305
104	9787
104	10654
105	582
105	663
105	1061
105	1222
105	1224
105	4339
105	4365
105	4464
105	5565
105	5865
105	8932
107	136
107	1061
107	1269
107	1783
107	1876
107	3590
107	3762
110	6
110	74
110	93
110	102
110	137
110	238
110	247
110	351
110	458
110	459
110	473
110	501
110	521
110	582
110	583
110	605
110	696
110	761
110	866
110	870
110	904
110	1177
110	1435
110	1625
110	2094
110	2260
110	2670
110	4098
110	4408
110	4521
110	4571
110	4690
110	4707
110	4731
110	5153
110	5524
110	5556
110	6323
110	6515
110	6534
110	6594
110	6800
110	6897
110	8408
110	8502
110	8891
110	8928
110	10391
110	10635
110	12102
110	12819
110	13407
110	14929
110	15035
110	16309
111	90
111	225
111	310
111	351
111	583
111	587
111	605
111	638
111	644
111	706
111	741
111	766
111	1065
111	1216
111	1277
111	1405
111	1720
111	2538
111	2620
111	2970
111	4083
111	4707
111	5423
111	5857
111	6091
111	6518
111	6534
111	6535
111	6749
111	6752
111	6800
111	7428
111	7455
111	7738
111	7776
111	8114
111	8418
111	8583
111	8887
111	8891
111	8912
111	8917
111	9334
111	10420
111	10871
111	10906
111	12055
111	12392
111	13186
111	15073
111	15165
111	15223
111	15234
112	686
112	2164
112	4994
112	5156
112	6220
112	15780
114	398
116	633
116	9343
116	10934
116	11244
116	11286
117	1065
121	4297
122	1277
122	8535
123	285
123	353
123	669
123	681
123	965
123	1382
123	1456
123	1504
123	1582
123	1928
123	1944
123	2134
123	2174
123	4491
123	4559
123	4994
123	5793
123	5865
123	6635
123	6709
123	6757
123	7768
123	7884
123	8079
123	10841
123	10941
123	11054
123	11134
123	11193
123	11477
123	11498
123	12282
123	12368
123	12376
123	12394
123	13968
125	501
125	1057
132	595
132	603
132	1751
135	1189
135	1761
135	3055
135	3085
135	3245
135	3729
135	5083
140	587
140	1822
140	2261
141	55
141	488
141	554
141	1888
141	2733
141	5056
141	9298
141	15286
144	752
144	8384
145	74
145	538
145	1194
145	3007
145	4072
145	5185
145	8790
147	69
147	255
147	353
147	406
147	706
147	1064
147	1100
147	4309
147	5235
147	5818
147	6277
147	6603
147	8583
147	8629
147	10455
147	12089
147	12480
149	396
149	1382
149	1812
149	2597
149	6675
149	6806
149	8914
149	8932
150	145
150	382
150	473
150	583
150	633
150	651
150	660
150	662
150	1061
150	1259
150	1727
150	1820
150	2260
150	2386
150	2782
150	4446
150	4646
150	5019
150	5054
150	5159
150	5289
150	5534
150	5556
150	5752
150	6323
150	6515
150	6518
150	6526
150	6899
150	7838
150	9514
150	11019
150	11142
150	14279
150	15138
151	521
151	662
151	1277
151	1364
151	1435
151	2538
151	4098
151	5055
151	5617
151	6088
151	6446
151	8914
151	11344
151	12102
151	15160
152	119
152	622
152	1273
152	1382
152	2636
153	125
153	186
153	364
153	1561
153	1641
153	1765
153	1783
153	5035
153	5040
153	5054
153	5557
153	6323
153	7408
153	7736
153	9547
154	41
154	360
154	528
154	595
154	1382
154	4226
154	5059
154	6709
154	6752
154	6899
154	7468
154	8583
154	8941
154	15180
156	93
156	1174
156	5692
157	608
158	80
158	370
158	752
158	1577
158	2732
158	3678
158	7408
160	1061
160	6176
161	238
161	1218
161	1761
161	2733
161	2955
161	2976
161	6147
161	6323
161	6899
162	387
162	396
162	492
162	1065
162	1731
162	4279
162	4282
162	4692
162	5534
162	7433
162	7682
162	8932
162	8941
163	74
163	125
163	161
163	397
163	415
163	449
163	630
163	1024
163	4080
163	6594
163	6800
163	15870
164	1159
164	1382
164	2538
164	2782
164	4989
164	11348
164	12126
164	15114
165	74
165	371
165	397
165	521
165	1184
165	1295
165	1508
165	1933
165	2261
165	2955
165	5035
165	5040
165	6323
165	6594
165	6800
165	14046
167	10374
168	816
168	1222
168	2312
169	459
169	9806
170	35
170	74
170	164
170	369
170	644
170	746
170	1124
170	1361
170	2214
170	2938
170	5557
170	5968
170	5995
170	7108
170	9062
170	9084
170	9156
170	9482
170	9781
170	9846
170	16088
171	400
171	554
172	24
172	193
172	252
172	472
172	1124
172	1297
172	1925
172	4780
172	7474
172	9025
173	2
173	24
173	480
173	1277
173	2581
173	6323
173	9345
174	12428
175	69
175	706
175	1136
175	2422
175	3007
175	5022
175	6594
175	6708
175	12820
175	14691
176	93
176	7871
177	1277
178	54
178	374
178	9298
178	9750
180	93
180	651
180	1218
180	1450
180	1764
180	1863
180	2875
180	2955
180	2969
180	4516
180	5359
180	6836
180	7161
180	8779
180	12889
181	74
181	5854
183	5783
183	10933
185	35
185	74
185	397
185	1124
185	2214
185	3137
185	5968
185	9084
185	9156
185	9846
186	7
186	55
186	370
186	488
186	647
186	888
186	958
186	1222
186	2261
186	2431
186	2667
186	3530
186	3840
186	4013
186	4294
186	4973
186	7127
187	6713
187	9182
187	9653
188	1273
188	1280
188	8401
190	515
190	1232
190	5512
190	6822
191	2155
191	2359
193	644
193	1706
193	1731
193	4279
193	4692
193	5154
193	10765
193	10966
193	11118
193	11673
193	12174
193	12320
193	15073
194	510
194	534
194	582
194	629
194	706
194	766
194	6199
194	10845
196	93
196	2581
196	5035
198	66
198	93
198	176
198	236
198	252
198	366
198	506
198	554
198	727
198	750
198	1106
198	1280
198	2434
198	2581
198	3772
198	4603
198	4780
198	5035
199	353
199	871
199	1176
199	1227
199	1382
199	1440
199	2513
199	2620
199	4098
199	4464
199	4521
199	5865
199	6717
199	6822
199	6823
201	1277
201	5733
201	6247
201	10320
202	1064
202	3087
203	656
203	1460
203	1620
203	3470
204	4677
205	2390
207	472
207	1239
208	46
208	195
208	366
208	1277
208	1994
208	2069
208	2159
208	2443
208	2581
208	4387
208	5012
208	5035
208	5055
208	11739
208	12002
208	13419
208	14157
213	4578
213	5021
213	6711
213	6715
214	85
214	609
214	737
214	1554
214	5241
214	7050
215	528
215	587
215	651
215	892
215	1159
215	1218
215	1439
215	1535
215	1582
215	2134
215	2243
215	2672
215	4352
215	4356
215	4363
215	4446
215	4464
215	4731
215	5021
215	5692
215	6542
215	6822
215	6897
215	7873
215	8914
215	11278
215	11640
215	12368
215	14181
215	14562
216	255
216	380
216	419
216	420
216	651
216	4861
220	12805
222	910
222	1222
222	7079
222	8384
223	64
223	78
223	396
223	461
223	528
223	651
223	1140
223	1535
223	1686
223	1764
223	2247
223	2953
223	2955
223	2969
223	4282
223	4315
223	4356
223	4516
223	4692
223	4827
223	5251
223	5692
223	5995
223	6542
223	6800
223	7050
223	8614
223	8914
223	8941
223	10559
223	12254
223	12889
223	15138
224	59
224	146
224	156
224	415
224	595
224	611
224	1277
224	2261
224	4235
225	1061
225	1277
225	6176
227	1277
229	278
230	57
230	189
230	473
230	1224
230	1277
230	1911
230	4297
231	55
231	195
231	364
231	396
231	419
231	420
231	1511
231	1731
231	1932
231	2953
231	2955
231	4282
231	4747
231	5185
231	10541
231	11117
232	255
232	387
232	1407
232	1517
232	1686
232	1695
232	2295
232	5065
232	5225
232	5512
232	5692
232	5839
232	6709
232	6717
232	6897
232	7683
232	9446
232	9937
232	10304
232	10320
232	10439
232	10673
232	10856
232	11054
232	11731
232	11917
232	11919
232	11938
232	12062
232	12294
232	12348
233	67
233	415
233	554
233	681
233	1928
233	2596
233	2892
233	4358
233	6897
233	7050
233	11416
234	9312
235	59
235	102
235	337
235	351
235	396
235	528
235	583
235	1140
235	2523
235	2960
235	4496
235	4577
235	4731
235	10271
235	10361
235	11448
236	55
236	415
236	892
236	967
236	1229
236	1695
237	369
237	370
237	891
237	952
237	1095
237	1925
237	3957
237	10321
237	16478
239	362
239	900
239	1460
239	4618
239	16148
240	1061
240	13150
242	871
242	1826
242	2958
242	2965
242	11070
246	196
246	255
246	308
246	353
246	633
246	734
246	910
246	1095
246	2136
246	5617
246	6535
246	6709
246	9315
246	9792
247	64
247	93
247	99
247	266
247	357
247	369
247	375
247	415
247	555
247	565
247	583
247	656
247	1065
247	1382
247	1427
247	2364
247	2742
247	4098
247	4170
247	4464
247	4594
247	4731
247	6310
247	8891
247	10725
247	11134
247	11345
248	1500
249	1136
249	2359
249	4269
249	4284
249	5534
249	5804
249	7050
249	9189
250	2782
252	415
252	427
252	587
252	2473
253	62
253	70
253	119
253	146
253	193
253	369
253	424
253	473
253	478
253	754
253	1061
253	1110
253	1136
253	1224
253	1277
253	1880
253	1911
253	2303
253	2362
253	2381
253	2481
253	5264
253	5301
253	5786
253	6323
253	7026
253	7050
253	8037
253	11143
253	12820
256	7
256	46
256	71
256	1186
256	1511
256	4000
256	4924
256	5556
256	15045
257	1662
257	5130
259	371
260	12
260	29
260	74
260	125
260	141
260	145
260	146
260	238
260	280
260	351
260	366
260	419
260	420
260	446
260	459
260	496
260	583
260	605
260	651
260	781
260	796
260	887
260	1260
260	1382
260	1604
260	1614
260	1783
260	1834
260	1892
260	2073
260	2078
260	2080
260	2106
260	2144
260	2481
260	2538
260	2581
260	2941
260	3169
260	3720
260	3919
260	4080
260	4083
260	4274
260	4342
260	4408
260	4616
260	4646
260	4699
260	5035
260	5681
260	6145
260	6324
260	6325
260	6502
260	6511
260	6515
260	6518
260	6519
260	6520
260	6521
260	6522
260	6526
260	6527
260	6533
260	6534
260	6535
260	6594
260	6774
260	6800
260	6810
260	7459
260	8052
260	8890
260	9482
260	9756
260	9781
260	10597
260	10741
260	10877
260	11050
260	11344
260	11481
260	12551
260	13144
260	13169
260	14155
261	473
261	554
261	1061
261	1107
261	1222
261	1224
261	2381
261	5145
261	5934
261	6102
262	143
262	201
262	1811
262	4600
263	4707
263	5809
263	6367
263	8904
263	8935
263	11870
264	12600
265	1153
265	1897
265	2513
265	4098
265	4339
265	5230
265	5512
265	6669
265	9446
265	10907
265	15149
266	238
266	399
266	754
266	761
266	1277
266	1374
266	1378
270	1063
272	7
272	102
272	143
272	156
272	169
272	1868
272	2965
272	5617
272	6715
272	16073
273	42
273	587
273	1061
273	1224
273	1688
273	5035
275	3421
276	41
276	55
276	752
276	1924
276	2328
276	2386
276	3079
276	3872
276	6544
277	473
277	497
277	605
277	747
277	752
277	887
277	2005
277	2082
277	3210
277	3279
277	6704
277	11568
279	387
280	172
280	1632
280	2359
280	9146
281	1141
281	5617
281	6136
281	6708
282	473
282	741
282	1136
282	1277
282	3586
282	7462
282	8481
288	34
288	53
288	54
288	161
288	360
288	501
288	519
288	582
288	696
288	1216
288	1382
288	1472
288	1896
288	2462
288	4080
288	4746
288	4895
288	6594
288	7697
288	8891
288	8917
288	12889
288	15073
288	15230
289	1277
289	1472
289	3073
289	3852
290	106
290	387
290	521
290	565
290	582
290	1364
290	1418
290	1422
290	1826
290	4075
292	29
292	2341
292	2581
292	5035
292	5159
292	5742
292	5754
292	6269
292	6323
293	351
293	396
293	473
293	504
293	582
293	634
293	651
293	662
293	971
293	1023
293	1065
293	1185
293	1459
293	1508
293	1541
293	1551
293	1566
293	1704
293	2294
293	2359
293	2600
293	2614
293	2618
293	2741
293	3014
293	6298
293	6367
293	6594
293	6608
293	8420
293	8556
293	8891
293	9013
293	9348
293	9687
293	9740
293	10420
293	10725
293	11521
293	12889
296	27
296	53
296	55
296	69
296	74
296	161
296	265
296	312
296	351
296	371
296	374
296	396
296	419
296	420
296	473
296	496
296	504
296	510
296	519
296	521
296	541
296	582
296	583
296	587
296	605
296	629
296	630
296	634
296	644
296	651
296	672
296	674
296	729
296	737
296	886
296	888
296	965
296	970
296	1023
296	1105
296	1183
296	1184
296	1185
296	1273
296	1277
296	1382
296	1440
296	1480
296	1535
296	1719
296	1789
296	1915
296	1917
296	1974
296	2241
296	2243
296	2247
296	2399
296	2481
296	2617
296	2620
296	2915
296	2942
296	2955
296	2970
296	4080
296	4083
296	4266
296	4271
296	4274
296	4282
296	5035
296	5056
296	5074
296	5185
296	5359
296	5391
296	5647
296	5995
296	6298
296	6323
296	6514
296	6534
296	6542
296	6594
296	6603
296	6800
296	6822
296	7026
296	7335
296	7459
296	8771
296	8891
296	8914
296	9013
296	9485
296	10396
296	10746
296	11344
296	12820
296	13992
296	14046
296	14686
296	15046
296	15084
296	15188
296	15668
298	3007
299	7
299	554
299	656
299	885
299	1888
299	7050
299	8812
299	9010
299	10174
299	12151
300	127
300	130
300	352
300	420
300	501
300	587
300	2196
300	2390
300	2434
300	3251
300	3293
300	3356
300	3722
300	5289
300	8014
300	10422
301	740
302	1136
302	1176
302	2239
302	10197
303	56
303	369
303	2371
303	2733
305	1136
305	1553
305	1680
305	4670
305	6199
306	125
306	353
306	587
306	1176
306	1582
306	1702
306	1915
306	1990
306	2538
306	4366
306	4491
306	4577
306	5021
306	5059
306	5865
306	9508
306	10494
306	10750
306	11762
306	13617
307	328
307	587
307	687
307	752
307	1176
307	1702
307	1915
307	2538
307	2596
307	2983
307	4115
307	4136
307	4491
307	5059
307	5865
307	5992
307	6806
307	6988
307	7167
307	9508
307	9800
307	11082
307	11238
307	11732
307	11762
307	11989
307	12001
307	13617
308	125
308	353
308	360
308	587
308	1456
308	1695
308	1915
308	2590
308	2614
308	4692
308	8935
308	8941
308	9508
308	11762
308	12070
308	13617
309	2664
315	93
315	480
315	595
316	13
316	118
316	128
316	145
316	167
316	366
316	587
316	662
316	1435
316	1853
316	2538
316	2581
316	4521
316	5035
316	5054
316	5689
316	6324
316	10427
316	11344
317	25
317	497
317	3857
317	4502
318	27
318	172
318	189
318	283
318	351
318	419
318	420
318	458
318	473
318	582
318	583
318	586
318	587
318	605
318	615
318	651
318	692
318	714
318	721
318	730
318	1061
318	1504
318	1582
318	1619
318	1849
318	1874
318	1915
318	1925
318	2099
318	2341
318	2473
318	2671
318	2955
318	3007
318	4081
318	4248
318	4339
318	4365
318	4371
318	4413
318	4446
318	4698
318	4761
318	4772
318	4864
318	5032
318	5098
318	5145
318	5230
318	5281
318	5301
318	5556
318	5818
318	6324
318	6440
318	6515
318	6542
318	6800
318	7630
318	8502
318	10886
318	11116
318	11191
318	11663
318	12158
318	12234
319	374
319	396
319	692
319	1065
319	1141
319	1357
319	1382
319	1925
319	2538
319	3007
319	4692
319	4802
319	5035
319	8917
319	8935
319	10966
319	15064
319	15167
319	15169
320	1141
321	1800
321	2216
321	8173
324	1888
324	2371
324	2569
324	4618
324	5137
326	387
326	662
326	689
326	4731
326	4818
326	7782
326	8945
326	11092
326	14508
327	235
327	386
327	796
327	7438
327	11609
328	93
329	145
329	420
329	582
329	651
329	1783
329	2579
329	2581
329	2950
329	3342
329	3892
329	6238
329	13169
332	747
332	1669
332	1752
333	380
333	478
333	651
333	3477
333	4716
333	7810
334	706
334	1153
334	1702
334	4464
334	4772
334	5865
334	6382
334	6542
334	8914
334	9148
334	10824
334	11448
334	11919
334	12262
334	12507
337	59
337	156
337	352
337	419
337	501
337	582
337	587
337	819
337	980
337	1064
337	1277
337	2597
337	2742
337	3580
337	5360
337	6800
338	54
338	176
338	1277
338	2371
338	2581
338	8970
339	369
339	958
339	1222
339	3137
339	6073
339	9314
339	9482
339	10278
340	1277
342	55
342	396
342	1277
342	2513
342	4577
342	4594
342	4924
342	6633
342	7713
342	10171
342	11344
342	11665
342	15045
344	55
344	74
344	364
344	1466
344	1932
344	2955
344	3007
344	6099
344	6323
344	11612
345	554
345	656
345	871
345	1530
345	1648
345	1925
345	2295
345	2591
345	3470
345	4594
345	5025
345	5780
345	6037
345	6626
345	9012
345	9095
345	10194
345	14519
345	16094
346	7884
347	278
347	3840
348	59
348	61
348	244
348	706
348	1135
348	1925
348	2479
348	2939
348	6501
348	6507
348	6540
348	10861
348	10990
348	11095
349	74
349	662
349	1061
349	1260
349	1277
349	1852
349	1936
349	2481
349	6323
349	7976
349	9566
349	10390
349	11344
349	16051
350	671
350	1061
350	1224
350	1653
350	2978
350	9329
350	12689
351	996
351	1277
351	3007
352	4266
353	38
353	42
353	415
353	458
353	505
353	595
353	644
353	669
353	1097
353	1373
353	1382
353	1663
353	1759
353	2024
353	2513
353	2693
353	2955
353	4389
353	5792
353	6800
353	7026
353	7408
353	7782
353	8917
353	8964
353	10548
353	11193
353	11448
353	11762
353	11985
353	12084
353	12162
353	12356
353	12440
353	15242
354	113
355	2982
355	8492
356	29
356	55
356	102
356	137
356	152
356	169
356	219
356	238
356	240
356	247
356	351
356	382
356	415
356	473
356	582
356	583
356	605
356	611
356	651
356	663
356	916
356	923
356	1061
356	1121
356	1180
356	1183
356	1198
356	1421
356	1435
356	1511
356	1535
356	1613
356	1849
356	1911
356	2031
356	2060
356	2347
356	2470
356	2481
356	2513
356	2597
356	2672
356	2741
356	2782
356	2955
356	3023
356	4083
356	4365
356	4646
356	4690
356	5035
356	5273
356	5281
356	5556
356	5706
356	6202
356	6298
356	6515
356	6518
356	6539
356	6594
356	6800
356	7776
356	8498
356	9482
356	9588
356	9616
356	9809
356	10427
356	10847
356	11079
356	12487
356	12543
356	13533
356	14562
356	15107
357	651
357	892
357	1222
357	1646
357	1853
357	2983
357	3840
357	3996
357	5035
357	12820
358	263
358	1576
361	55
361	253
361	418
361	1277
362	765
362	1224
362	13073
363	387
363	1412
363	4862
364	60
364	117
364	362
364	413
364	465
364	651
364	664
364	871
364	887
364	896
364	900
364	1652
364	1876
364	1899
364	2376
364	2742
364	2955
364	3342
364	4618
364	5301
364	6323
364	6594
364	6623
364	7158
364	8063
364	8349
364	8409
364	10376
364	10422
364	11647
364	13523
364	16143
365	315
365	472
365	587
365	887
367	7
367	55
367	214
367	364
367	605
367	1107
367	1198
367	1690
367	2261
367	2730
367	2955
367	2956
367	3954
367	5035
367	7704
367	9006
367	16043
368	253
368	741
368	870
368	3236
368	3485
368	3742
368	4287
368	5056
369	16073
369	16076
370	2
370	55
370	369
370	1277
370	1309
370	1457
370	2731
370	7739
370	8131
370	12774
370	14316
371	651
371	1822
371	9374
372	1439
372	1479
372	1480
372	2328
372	4087
372	5251
372	10574
372	16363
373	1704
373	1990
373	8260
374	55
374	60
374	413
374	664
374	2067
374	3894
374	4339
374	7408
374	12371
374	12429
376	2244
376	5236
377	74
377	144
377	468
377	472
377	651
377	662
377	1614
377	1954
377	1994
377	2101
377	2104
377	3137
377	4081
377	4373
377	4707
377	5035
377	6323
377	6534
377	8891
377	9482
377	10339
377	11344
377	14361
379	13
379	128
379	1136
379	1277
379	2581
379	7891
380	7
380	55
380	74
380	110
380	396
380	651
380	752
380	887
380	1186
380	1218
380	1295
380	1515
380	2185
380	2235
380	2474
380	2731
380	5035
380	6323
380	7839
380	10607
380	11372
380	16158
381	625
381	1422
381	11249
382	42
382	605
382	1277
382	1470
382	1749
382	2261
382	9013
383	1277
383	2733
383	12428
389	5497
389	6189
390	583
390	1706
390	1731
390	1829
390	4279
390	4282
390	4746
390	9926
390	15073
392	7050
393	655
393	5854
393	7407
393	7891
394	398
395	398
395	489
404	689
405	125
405	1136
405	1664
405	2912
405	6323
407	7410
407	14693
410	42
410	195
410	396
410	699
410	1357
410	1373
410	10134
412	1610
412	1868
412	6800
412	10271
412	11641
413	55
413	85
413	195
413	328
413	380
413	471
413	644
413	946
413	1221
413	1524
413	1759
413	4809
413	4861
413	5236
413	6025
413	7042
413	11818
413	12197
413	16438
415	1277
416	93
416	6899
417	5055
419	2196
419	14146
420	55
420	2724
420	2905
421	605
421	1228
421	1728
421	9668
423	6199
424	7522
425	156
425	213
425	6897
426	419
426	6199
426	13879
427	6897
428	27
428	214
428	587
428	638
428	6594
428	12489
431	93
431	258
431	353
431	587
431	762
431	2393
431	2411
431	6205
431	6594
431	6717
431	10422
431	10494
431	13639
432	2938
434	480
434	775
434	887
434	2593
434	4092
434	5056
434	6899
434	8677
434	10758
434	13161
435	167
435	195
435	289
435	4809
435	5209
435	10726
436	611
436	11673
440	651
440	779
440	1222
440	3779
441	69
441	71
441	396
441	805
441	1087
441	1209
441	1394
441	1450
441	2782
441	4266
441	4280
441	4282
441	4496
441	4702
441	5189
441	5834
442	7
442	24
442	74
442	480
442	582
442	883
442	1277
442	2581
442	2621
442	5035
442	7360
443	7378
444	375
444	656
444	2399
444	6310
445	1457
446	249
446	554
446	1435
446	1888
446	2620
446	4098
446	4521
446	5216
446	5230
446	5556
446	6717
446	7050
446	11070
446	11493
448	90
448	369
448	611
448	1344
448	2596
448	3514
448	6918
448	8140
448	8144
448	8649
451	5617
454	193
454	478
454	1061
454	1224
454	1277
454	1653
454	1925
454	2366
454	2733
454	2739
454	2955
454	4406
454	9329
454	10160
455	2782
455	9806
456	69
456	371
456	3007
456	7973
456	10859
457	74
457	144
457	161
457	380
457	397
457	420
457	662
457	1023
457	1216
457	1260
457	2431
457	2475
457	2481
457	2630
457	2960
457	4259
457	5035
457	5748
457	6075
457	6323
457	6534
457	7071
457	7697
457	8917
457	9104
457	9133
457	9315
457	9359
457	9451
457	10422
457	11344
457	15585
458	887
458	2733
459	747
460	7530
461	375
461	12088
464	7891
464	9050
464	14048
464	15940
465	177
465	2462
465	15230
466	55
466	888
466	1097
466	1277
466	1279
466	1457
466	1511
466	5035
466	5055
466	7739
468	7
468	55
468	361
468	473
468	587
468	1104
468	1222
468	1448
468	3840
468	4577
468	11142
469	961
470	5449
470	6898
470	13160
471	71
471	289
471	360
471	396
471	419
471	492
471	528
471	1141
471	2134
471	2597
471	4385
471	4747
471	5733
471	6800
471	8106
471	10224
471	11708
472	34
472	678
472	4489
474	225
474	397
474	775
474	887
474	977
474	2744
474	3487
474	3828
474	6269
475	19
475	172
475	473
475	633
475	1061
475	1295
475	2158
475	2260
475	2446
475	5021
475	5281
475	5284
475	7936
477	102
477	499
477	586
477	633
477	1532
477	1759
477	3772
477	6515
480	74
480	365
480	366
480	397
480	459
480	473
480	582
480	596
480	662
480	699
480	1061
480	1089
480	1126
480	1224
480	1382
480	1510
480	1773
480	1783
480	1911
480	2244
480	2481
480	2581
480	2731
480	2947
480	2992
480	4013
480	4690
480	4858
480	5035
480	5281
480	5636
480	5742
480	6176
480	6324
480	6526
480	6527
480	6533
480	6534
480	6800
480	6818
480	7071
480	8917
480	9621
480	10292
480	10392
480	14155
480	14562
480	15943
481	54
481	519
481	662
481	699
481	1065
481	1149
481	2538
481	8917
482	69
482	104
482	519
482	6603
483	2742
483	6800
484	1574
485	195
485	887
485	1186
485	1457
485	1706
485	2732
485	4387
485	9349
488	740
488	1608
488	4251
488	5557
489	3342
489	7530
490	595
490	780
491	870
491	3007
492	61
492	1925
493	371
493	605
493	662
493	883
493	997
493	1149
493	1220
493	4707
493	5809
493	8891
493	10906
493	14075
493	15948
494	1260
494	1563
494	2877
494	5035
494	6899
495	1065
495	2930
495	4098
495	4279
495	4731
495	5752
495	6709
495	8912
496	621
496	706
496	6635
496	8592
497	472
497	901
497	1320
497	2158
497	2162
497	2955
497	5264
497	5301
497	5614
497	6302
497	9002
497	9298
497	10240
497	10422
497	11641
499	12607
500	203
500	488
500	603
500	892
500	1530
500	2577
500	3100
500	4082
500	4291
500	4973
500	5035
500	5707
500	5775
500	5829
500	8528
500	9584
500	10194
500	10359
500	10418
500	10427
500	14963
501	93
501	161
501	580
501	1149
501	1153
501	1554
501	2523
501	2671
501	3087
501	5809
501	6367
501	6752
501	6800
501	7782
501	8935
501	11870
501	16077
501	16355
502	686
502	910
502	1720
502	3008
502	3022
502	3611
502	3963
502	4660
502	10333
502	10838
502	11198
502	11491
503	398
504	2581
504	3947
506	1136
506	1224
506	1648
506	2614
506	6037
506	8604
506	9026
506	16070
506	16082
507	538
507	553
507	775
507	1341
508	219
508	382
508	456
508	491
508	554
508	587
508	606
508	1277
508	2596
508	2629
508	2666
508	2741
508	4121
508	4855
508	6515
508	6800
508	8173
508	8916
508	14506
508	15286
509	41
509	213
509	244
509	328
509	352
509	565
509	582
509	587
509	595
509	764
509	766
509	892
509	965
509	1218
509	1382
509	1608
509	1610
509	2153
509	2512
509	2538
509	2620
509	4098
509	4251
509	4491
509	5021
509	5865
509	6800
509	11488
511	916
511	8929
512	1061
512	1224
512	9677
512	12771
512	13143
512	13875
513	4805
513	6440
514	55
514	4282
514	5809
514	6542
514	8914
514	8935
514	8941
514	10390
514	12141
515	193
515	415
515	887
515	1188
515	2158
515	10164
516	200
517	53
517	93
517	587
517	595
517	740
517	1023
517	1061
517	1277
517	5035
517	6176
518	6308
518	13172
519	12
519	750
519	1525
519	2092
519	2912
519	4344
520	6
520	7
520	55
520	944
520	1253
520	1452
520	1457
520	3930
520	5413
520	10635
520	12689
521	93
521	2359
522	161
522	263
522	2371
522	4594
522	6800
523	621
523	1153
523	1159
523	1582
523	2513
523	5230
523	5998
523	8592
523	8941
524	196
524	499
524	586
524	633
524	916
524	1576
524	6515
524	8929
524	14573
527	102
527	122
527	137
527	166
527	169
527	180
527	237
527	238
527	247
527	250
527	351
527	473
527	499
527	501
527	521
527	583
527	605
527	633
527	761
527	804
527	908
527	1023
527	1065
527	1126
527	1140
527	1149
527	1826
527	1911
527	1925
527	2260
527	2481
527	2753
527	2853
527	2955
527	3586
527	4083
527	4401
527	4626
527	4646
527	4858
527	5035
527	5216
527	5230
527	5281
527	5287
527	5556
527	5624
527	5934
527	6308
527	6312
527	6323
527	6435
527	6501
527	6515
527	6535
527	6800
527	6988
527	7091
527	7420
527	7776
527	8408
527	8448
527	8904
527	8932
527	9343
527	9870
527	10344
527	10725
527	10824
527	10955
527	11321
527	11448
527	11690
527	12650
527	12820
527	12889
527	14155
527	15288
529	113
529	2745
529	6515
529	7973
531	387
531	1434
531	5865
531	6316
531	6318
532	374
532	611
532	633
532	944
532	2261
532	9044
533	1785
534	499
534	2063
534	5614
535	510
535	587
535	629
535	883
535	887
535	1083
535	1435
535	1472
535	1553
535	1554
535	2431
535	4491
535	4670
535	7050
535	8914
535	8935
535	10154
535	10559
535	10966
535	11249
535	11453
535	15102
535	15174
536	1152
536	1165
537	1277
537	2153
537	2771
538	1194
538	1867
538	2691
538	2871
538	2874
538	2875
538	2887
538	2890
538	4366
538	6542
538	9298
539	369
539	382
539	415
539	651
539	892
539	958
539	967
539	1222
539	1277
539	4734
539	5055
539	6323
539	7993
539	9858
539	10235
539	15010
539	15024
540	41
540	67
540	93
540	397
540	595
540	1277
540	1500
540	1511
540	1832
540	3153
541	12
541	24
541	74
541	89
541	90
541	93
541	146
541	157
541	236
541	252
541	261
541	351
541	353
541	366
541	369
541	397
541	419
541	473
541	496
541	506
541	521
541	582
541	605
541	634
541	669
541	727
541	750
541	880
541	883
541	887
541	1019
541	1023
541	1061
541	1224
541	1240
541	1260
541	1382
541	1504
541	1525
541	1535
541	1915
541	1925
541	1992
541	2024
541	2092
541	2406
541	2471
541	2538
541	2581
541	2663
541	2929
541	2970
541	4048
541	4080
541	4491
541	4570
541	4780
541	4925
541	4989
541	5021
541	5135
541	5281
541	5505
541	5789
541	6220
541	6534
541	6535
541	6800
541	6824
541	6903
541	6988
541	7071
541	7458
541	7474
541	7848
541	8343
541	8982
541	9013
541	9482
541	9709
541	9810
541	10427
541	10741
541	12307
541	12374
541	13169
541	13186
541	13419
541	14562
541	14921
541	15236
541	15248
541	16068
542	1277
543	55
543	455
543	8908
544	1184
546	7
546	55
546	68
546	366
546	465
546	596
546	605
546	655
546	899
546	946
546	1500
546	2175
546	2206
546	3247
546	4974
546	5144
546	5372
546	7407
546	11303
547	1458
547	14048
548	1277
549	265
549	328
549	4358
549	16073
550	595
550	9794
551	42
551	114
551	337
551	465
551	497
551	505
551	506
551	583
551	605
551	644
551	699
551	871
551	896
551	1561
551	2538
551	2597
551	2614
551	2672
551	3278
551	4093
551	4208
551	4339
551	4389
551	4505
551	4521
551	4570
551	4731
551	4939
551	5264
551	6298
551	6519
551	6800
551	7018
551	7026
551	7028
551	7448
551	7727
551	7862
551	8409
551	9856
551	15100
552	2788
552	3590
552	7745
553	587
553	1218
553	1563
553	1974
553	2618
553	2955
553	4081
553	5054
553	5535
553	6531
553	7782
553	8278
553	8891
553	8928
553	13211
554	1023
555	74
555	161
555	371
555	583
555	1273
555	1925
555	2359
555	2618
555	5391
555	6600
555	6774
555	6800
555	14696
556	605
556	689
556	7051
558	1277
558	2418
558	4711
559	5154
562	46
562	55
562	396
562	610
562	1065
562	4353
562	10134
563	1353
563	11092
563	13334
563	14517
565	90
565	669
565	1278
565	1373
565	1382
565	2538
565	3007
565	4570
565	6800
565	11348
565	11381
565	11477
565	12434
567	8
567	1316
567	2196
568	3007
574	1136
574	3007
581	375
581	554
581	678
581	1061
581	2903
581	5786
581	6907
581	12088
585	754
585	11249
586	55
586	497
586	605
586	651
586	752
586	1888
586	1925
586	2361
586	2953
586	3894
586	4946
586	6001
586	7050
586	9361
587	38
587	80
587	244
587	415
587	473
587	651
587	892
587	958
587	1222
587	1440
587	2261
587	2513
587	2596
587	3342
587	4098
587	4365
587	4779
587	5021
587	5565
587	6132
587	6323
587	6338
587	8916
587	9824
587	9832
587	10146
587	10410
587	14562
587	15468
588	60
588	167
588	192
588	257
588	362
588	377
588	459
588	465
588	488
588	651
588	867
588	871
588	896
588	900
588	1130
588	1434
588	1628
588	2742
588	2955
588	4623
588	4827
588	5035
588	5264
588	6324
588	6903
588	7179
588	7419
588	8063
588	10376
588	11647
588	14181
588	16148
589	12
589	13
589	24
589	35
589	74
589	128
589	144
589	157
589	161
589	351
589	365
589	366
589	397
589	583
589	587
589	605
589	651
589	662
589	750
589	887
589	952
589	1023
589	1060
589	1186
589	1216
589	1382
589	1504
589	1525
589	1735
589	1773
589	2185
589	2196
589	2474
589	2481
589	2581
589	2805
589	2816
589	2953
589	2990
589	3011
589	4342
589	5003
589	5012
589	5021
589	5035
589	5214
589	5340
589	6324
589	6400
589	6511
589	6518
589	6526
589	6527
589	6530
589	6534
589	6594
589	6818
589	7869
589	8343
589	8891
589	8917
589	9013
589	10376
589	10427
589	10741
589	16042
589	16158
590	102
590	137
590	238
590	247
590	305
590	353
590	389
590	675
590	700
590	761
590	887
590	917
590	1277
590	1435
590	2159
590	2260
590	2513
590	2938
590	4083
590	4391
590	4559
590	4646
590	4731
590	5021
590	5216
590	5230
590	5281
590	5556
590	6515
590	6526
590	6535
590	6539
590	7776
590	12102
590	15288
592	49
592	74
592	186
592	337
592	458
592	506
592	651
592	662
592	669
592	750
592	887
592	1149
592	1373
592	1382
592	1470
592	1641
592	1783
592	2538
592	2953
592	4457
592	4521
592	5281
592	5557
592	5919
592	6323
592	6594
592	6898
592	6899
592	7050
592	7408
592	7736
592	8413
592	9512
592	9547
592	10420
592	11348
593	42
593	54
593	57
593	58
593	137
593	213
593	219
593	247
593	302
593	351
593	397
593	419
593	420
593	473
593	482
593	521
593	582
593	583
593	605
593	611
593	651
593	662
593	699
593	711
593	741
593	1023
593	1061
593	1065
593	1188
593	1192
593	1554
593	1911
593	1915
593	1925
593	2481
593	2652
593	2948
593	2955
593	4081
593	4083
593	4690
593	4855
593	5281
593	5803
593	6206
593	6323
593	6502
593	6518
593	6522
593	6533
593	6534
593	6806
593	7026
593	7776
593	7803
593	8910
593	8917
593	9070
593	9711
593	10422
593	10907
593	11148
593	11723
593	12071
593	15053
594	362
594	465
594	605
594	781
594	896
594	900
594	1277
594	1434
594	2144
594	2955
594	4083
594	4946
594	4954
594	5261
594	5289
594	6535
594	7419
594	9033
594	10449
594	14181
594	15664
595	362
595	370
595	465
595	605
595	651
595	663
595	664
595	887
595	900
595	1060
595	1128
595	1434
595	1440
595	1502
595	2597
595	2614
595	2955
595	4496
595	4521
595	4577
595	5289
595	6323
595	6535
595	9033
595	9482
595	10376
595	10422
595	10449
595	11107
595	11134
595	11641
595	11647
595	12016
595	13073
595	16143
596	146
596	192
596	326
596	362
596	413
596	871
596	896
596	900
596	1277
596	1600
596	1719
596	4065
596	6515
596	6535
596	14181
597	415
597	561
597	651
597	678
597	779
597	892
597	958
597	1091
597	1222
597	1675
597	2261
597	2312
597	2731
597	3032
597	3958
597	5868
597	6324
597	7085
597	8461
598	4578
599	161
599	351
599	662
599	887
599	1149
599	1382
599	2538
599	2929
599	3504
599	4083
599	4491
599	4692
599	5021
599	5647
599	6235
599	6531
599	6534
599	6535
599	6800
599	7782
599	15103
599	15160
599	16211
600	2661
600	5617
602	328
602	996
605	276
605	587
605	2261
605	2444
605	3103
605	3249
608	2
608	53
608	213
608	289
608	351
608	352
608	374
608	396
608	521
608	528
608	536
608	553
608	582
608	583
608	605
608	729
608	1023
608	1218
608	1277
608	1932
608	1946
608	2183
608	2303
608	2771
608	2786
608	3245
608	3397
608	3621
608	4082
608	4083
608	4496
608	5021
608	5054
608	5074
608	5236
608	5834
608	6298
608	6323
608	6535
608	7417
608	7420
608	7682
608	9726
608	10420
608	11143
608	12141
608	12820
608	13325
608	13578
608	15585
610	64
610	5712
610	7419
611	93
616	362
616	891
616	896
616	900
616	952
616	996
616	4206
616	10635
617	8
617	587
618	369
619	13160
620	346
627	374
627	729
627	1023
627	2956
627	6341
628	53
628	97
628	473
628	502
628	541
628	611
628	689
628	742
628	1023
628	1061
628	1280
628	1596
628	2190
628	2312
628	2316
628	2538
628	4698
628	4925
628	4928
628	6542
628	7050
628	10174
628	11949
628	15073
628	15131
629	398
632	4523
636	54
636	1224
637	8964
638	1054
638	10349
639	6713
645	1159
645	1582
645	5865
645	8932
645	9884
645	11128
645	11348
647	100
647	587
647	1106
648	110
648	200
648	478
648	1023
648	1192
648	1541
648	2411
648	2650
648	3483
648	4080
648	5035
648	5104
648	6324
648	11739
650	2341
650	6709
653	6
653	74
653	410
653	459
653	654
653	669
653	816
653	1041
653	1049
653	1440
653	2513
653	2597
653	2727
653	4731
653	5055
653	6899
653	11477
653	11870
655	11311
659	587
659	6715
661	114
661	146
661	337
661	362
661	465
661	752
661	900
661	1061
661	1224
661	2474
661	5109
661	5281
661	7929
661	9322
661	11470
663	55
663	69
663	4115
663	4140
663	6075
663	7748
663	9910
665	237
665	675
665	1435
665	1812
665	2620
665	2875
665	4282
665	4692
665	4747
665	5021
665	5993
665	6367
665	8935
666	398
667	7541
668	201
668	1061
668	1224
668	4500
668	4536
668	5490
668	9382
668	11058
670	201
670	1083
670	1153
670	1159
670	1382
670	4098
670	4536
670	4731
670	5490
670	5865
670	6277
670	11672
670	12001
671	7
671	55
671	366
671	420
671	605
671	944
671	1457
671	1491
671	2915
671	4315
671	5096
671	7043
671	7061
671	10559
671	10741
673	2782
673	8200
673	8430
674	446
674	644
674	1841
674	2581
674	6897
674	7437
678	791
680	24
680	1382
680	1554
680	1702
680	2581
680	4570
680	6476
680	6898
680	6899
680	7458
680	8914
680	8932
680	9926
680	11348
680	15114
681	360
681	396
681	528
681	1554
681	4692
681	7468
681	15146
681	15167
685	554
685	692
685	1579
685	1888
685	11822
692	1277
692	7741
696	1136
697	472
698	2903
698	6752
702	1065
702	1149
702	1153
702	1382
702	6499
702	6542
702	8935
702	10824
702	15138
704	686
704	7891
704	15938
705	1456
705	1932
705	2958
705	4496
705	4747
705	8935
705	11344
705	15045
707	473
707	644
707	1500
707	2970
707	4989
707	5395
707	5956
707	7042
708	1222
708	1451
708	2399
708	4946
708	10679
709	362
709	900
709	1061
709	1224
709	1720
709	5281
709	8927
709	10199
711	1277
714	59
714	295
714	396
714	669
714	1140
714	1149
714	1915
714	2614
714	4491
714	4746
714	5059
714	6715
714	15940
716	644
716	4692
716	5809
716	7782
716	8891
716	11890
716	15073
718	1541
719	195
719	2938
719	8949
719	12487
720	7
720	27
720	55
720	114
720	155
720	370
720	981
720	1097
720	1535
720	1574
720	2744
720	6323
720	6553
720	11793
722	11943
724	569
724	1222
724	1373
724	1450
724	4592
724	5022
725	371
725	1277
728	387
728	5151
728	8569
728	10750
728	16072
729	398
729	12367
733	418
733	816
733	1218
733	1295
733	1554
733	1632
733	2386
733	4080
733	5035
733	5757
733	6323
733	15894
735	93
735	360
735	374
735	641
735	669
735	729
735	730
735	1357
735	1373
735	1382
735	1706
735	2642
735	4466
735	5281
735	8036
736	74
736	339
736	397
736	459
736	502
736	1259
736	1510
736	1578
736	2374
736	2731
736	3951
736	5262
736	5389
736	6176
736	6323
736	12735
736	14361
737	93
737	2581
737	6897
737	11536
738	6189
741	622
741	712
741	740
741	1577
741	1758
741	1925
741	2581
741	4481
741	4780
741	5021
741	6594
741	7694
741	8886
741	10728
741	15689
743	944
743	1277
743	1457
743	2309
743	9088
745	7
745	55
745	60
745	114
745	155
745	465
745	538
745	791
745	896
745	1574
745	1735
745	1796
745	2604
745	2955
745	5264
745	6395
745	9473
745	9482
745	10326
745	10494
745	10845
745	11029
745	11072
745	11388
745	11793
745	14357
745	14519
746	6535
747	12428
748	167
748	608
748	1279
748	2581
748	5209
750	34
750	55
750	238
750	254
750	351
750	360
750	374
750	399
750	501
750	528
750	582
750	583
750	605
750	615
750	689
750	729
750	781
750	888
750	1061
750	1140
750	1288
750	1925
750	2144
750	2316
750	2611
750	2955
750	3209
750	4081
750	4082
750	4083
750	4282
750	4349
750	4401
750	4668
750	4692
750	5055
750	5105
750	5214
750	5281
750	5477
750	5664
750	5833
750	5834
750	6323
750	6518
750	6535
750	6903
750	8178
750	8760
750	8914
750	8935
750	9443
750	10299
750	10420
750	11076
750	12820
751	64
751	4092
751	6897
753	2399
757	669
757	1382
757	1435
757	4521
757	4731
759	11286
760	237
761	1277
761	13226
762	195
762	673
762	1126
762	1832
762	11673
762	12174
762	14104
764	3007
765	488
765	2452
766	93
766	11037
766	14506
775	6308
778	69
778	161
778	351
778	374
778	429
778	496
778	521
778	582
778	583
778	605
778	625
778	729
778	1061
778	1277
778	1305
778	1630
778	1915
778	2636
778	2901
778	2955
778	4266
778	4271
778	4297
778	5021
778	5035
778	5301
778	6298
778	6510
778	6603
778	6800
778	8303
778	10420
778	11147
778	11394
778	15969
780	74
780	167
780	195
780	238
780	366
780	459
780	510
780	583
780	635
780	651
780	662
780	887
780	1194
780	1259
780	2261
780	2564
780	2581
780	2667
780	4072
780	4690
780	4794
780	5035
780	5056
780	5209
780	6323
780	6527
780	6644
780	7071
780	7418
780	7697
780	7708
780	8453
780	8961
780	11089
780	11344
780	11535
780	13419
780	13907
780	16158
781	315
781	6709
782	587
783	85
783	362
783	887
783	900
783	1224
783	5281
783	9797
783	10376
783	11647
784	195
784	364
784	369
784	729
784	1932
784	5055
784	8904
784	12330
785	528
785	1277
785	1511
785	1731
785	1932
785	3002
785	3022
785	4747
785	5834
785	9551
785	10473
785	13984
786	74
786	1186
786	3365
786	5055
786	5098
786	6324
786	6899
787	398
788	747
788	2905
788	3250
788	3321
788	3662
788	3981
788	8964
788	11612
789	375
789	5711
789	16073
789	16076
798	480
798	1107
798	1277
799	54
799	80
799	555
799	2786
799	4980
799	7907
800	67
800	353
800	387
800	1925
800	2284
800	4772
800	10559
800	14494
801	3007
802	615
802	1486
802	2348
802	2955
802	6199
802	7857
803	692
803	1695
803	8535
804	897
804	7816
805	263
805	371
805	606
805	1023
805	1061
805	1224
805	1364
805	1596
805	1653
805	2978
805	4731
805	9329
805	14046
808	6593
810	5854
810	13160
818	125
818	1277
823	41
823	4924
823	6542
823	8914
823	15059
827	3828
830	1277
830	1906
830	4251
831	554
832	74
832	553
832	660
832	870
832	1177
832	1218
832	2347
832	3487
832	3560
832	4224
832	4401
832	5263
833	7739
836	397
836	472
836	2341
836	2475
836	5035
836	5658
837	7
837	27
837	55
837	255
837	374
837	413
837	414
837	473
837	569
837	672
837	730
837	752
837	906
837	946
837	1061
837	1434
837	1721
837	1911
837	2491
837	3846
837	5670
837	6322
837	7676
837	9322
837	10304
838	7
838	55
838	193
838	447
838	1061
838	1222
838	1224
838	1445
838	1481
838	2965
838	5257
838	5301
838	7669
838	8004
839	42
839	125
839	7408
841	42
841	1065
841	1373
841	1925
841	2538
841	5752
841	6988
841	7071
841	11348
841	12045
841	15053
842	93
849	22
849	24
849	397
849	1563
849	1997
849	2581
849	2729
852	793
852	1098
852	1222
852	1394
852	6974
853	328
853	891
853	996
853	1928
853	4594
853	11392
858	29
858	93
858	214
858	219
858	247
858	304
858	319
858	351
858	367
858	369
858	473
858	482
858	491
858	582
858	583
858	605
858	630
858	678
858	706
858	752
858	866
858	1061
858	1083
858	1091
858	1200
858	1277
858	1287
858	1382
858	1435
858	1911
858	1925
858	1974
858	2136
858	2144
858	2348
858	2393
858	2452
858	2481
858	2538
858	2816
858	2906
858	2955
858	2990
858	3365
858	3844
858	4083
858	4491
858	4521
858	4925
858	5032
858	5054
858	5105
858	6221
858	6298
858	6324
858	6518
858	6534
858	6535
858	6800
858	6988
858	7052
858	7420
858	7726
858	7776
858	8891
858	8917
858	9870
858	10420
858	10830
858	12820
858	15243
860	6709
861	1277
861	2164
864	93
866	41
866	104
866	214
866	353
866	354
866	375
866	399
866	473
866	554
866	583
866	630
866	656
866	662
866	927
866	1023
866	1093
866	1098
866	1382
866	2067
866	2268
866	2516
866	2538
866	5062
866	6038
866	6310
866	6548
866	7050
866	7071
866	10907
867	2889
867	12428
869	1553
880	304
880	1061
880	1224
880	2132
880	2581
880	13157
882	369
885	2658
885	3342
885	6189
888	1783
891	93
891	1783
891	2181
892	1320
892	5614
892	8604
892	9002
892	9298
893	1224
893	11806
893	13881
897	244
897	1061
897	2687
897	6412
897	13165
898	203
898	219
898	351
898	587
898	605
898	1309
898	2295
898	2889
898	3737
898	4082
898	4083
898	4354
898	4446
898	4779
898	6200
898	6535
898	6800
898	9738
899	55
899	351
899	415
899	781
899	871
899	1091
899	1140
899	1469
899	1511
899	1925
899	2136
899	2457
899	2481
899	4082
899	4083
899	4772
899	4924
899	5021
899	6535
899	8401
899	8912
899	9870
899	10361
899	10422
899	10750
900	247
900	352
900	761
900	952
900	4083
900	6535
900	7776
900	8887
901	1478
901	13779
901	14156
902	360
902	377
902	415
902	605
902	1217
902	1222
902	1224
902	1263
902	1720
902	1925
902	2134
902	2513
902	4365
902	4385
902	4464
902	5865
902	6159
902	6277
902	6800
902	6806
902	6899
902	8105
902	8114
902	8455
902	8457
902	8479
902	9653
902	10216
902	10711
902	11188
902	12115
902	12164
902	12412
902	12426
903	330
903	351
903	583
903	605
903	651
903	781
903	887
903	1065
903	1123
903	1216
903	1277
903	1523
903	1925
903	2136
903	2538
903	3737
903	4083
903	4446
903	4457
903	4491
903	4570
903	5289
903	6534
903	6535
903	6800
903	6806
903	7448
903	7972
903	8912
903	8932
903	10316
903	10734
903	12320
903	12689
903	15114
904	67
904	330
904	351
904	397
904	605
904	662
904	678
904	1023
904	1123
904	1832
904	1925
904	1928
904	2134
904	2136
904	3129
904	3737
904	3988
904	4083
904	4121
904	4989
904	5032
904	5647
904	5752
904	6534
904	6535
904	6800
904	7628
904	7683
904	8455
904	8471
904	8917
904	8941
904	9028
904	9075
904	9346
904	11719
904	13514
904	15052
904	15127
904	15162
905	137
905	213
905	219
905	247
905	313
905	351
905	647
905	4082
905	4083
905	4446
905	4978
905	6535
905	7776
906	213
906	252
906	662
906	1023
906	1159
906	1216
906	1925
906	1982
906	2538
906	2687
906	4008
906	4534
906	4570
906	5021
906	5803
906	6534
906	7628
906	11645
906	11715
906	11723
906	11917
906	11936
906	11939
906	11949
906	12016
906	12080
906	12293
907	203
907	6899
908	67
908	330
908	351
908	397
908	459
908	528
908	587
908	605
908	662
908	1123
908	1216
908	1925
908	2134
908	2481
908	2879
908	2889
908	3675
908	4083
908	4139
908	4446
908	5797
908	6534
908	6535
908	6800
908	7873
908	8917
908	8941
908	10750
908	10941
908	11344
908	11648
908	14125
908	15089
908	15585
909	55
909	137
909	247
909	342
909	351
909	353
909	605
909	729
909	1140
909	1308
909	3196
909	4082
909	4083
909	4251
909	6535
909	6800
909	7179
909	7776
910	210
910	258
910	351
910	501
910	579
910	605
910	630
910	647
910	781
910	1140
910	1378
910	2136
910	2879
910	4082
910	4083
910	4804
910	6518
910	6520
910	6535
910	7039
910	8401
910	9144
910	9584
910	10194
910	10422
910	11645
910	15585
910	16094
911	104
911	419
911	587
911	891
911	1554
911	2134
911	4924
911	8938
911	11142
911	12164
912	110
912	137
912	237
912	238
912	247
912	250
912	351
912	352
912	415
912	419
912	473
912	605
912	651
912	678
912	781
912	880
912	881
912	908
912	1023
912	1091
912	1140
912	1925
912	2243
912	2476
912	2479
912	2481
912	2513
912	2538
912	2686
912	2687
912	2688
912	3765
912	4083
912	4251
912	4274
912	4365
912	4772
912	5054
912	5556
912	6021
912	6215
912	6515
912	6518
912	6534
912	6535
912	6679
912	6800
912	6899
912	6903
912	7776
912	8014
912	8131
912	9482
912	9870
912	10240
912	12164
912	12820
912	14181
913	67
913	351
913	605
913	642
913	747
913	781
913	880
913	1224
913	1382
913	1911
913	1925
913	2471
913	2481
913	2538
913	2686
913	3440
913	4083
913	4139
913	4692
913	5647
913	6215
913	6518
913	6534
913	6535
913	6800
913	6814
913	7782
913	8887
913	8914
913	9516
913	10346
914	137
914	219
914	247
914	413
914	415
914	605
914	752
914	761
914	871
914	887
914	1478
914	2816
914	3668
914	4083
914	4093
914	4391
914	4626
914	4772
914	7776
914	9738
914	10167
914	10491